0.0006785600000000001
0.0006822300000000002
0.00069351
0.0006858300000000002
0.0006873299999999998
0.0006850100000000001
0.0006784699999999999
0.0007230799999999995
0.0006775600000000002
0.0006816800000000002
0.0006827099999999997
0.0006944499999999999
0.0006951
0.0006909700000000001
0.00068236
0.00069087
0.0006854699999999997
0.0006772199999999999
0.0006856600000000002
0.0006909800000000002
0.0006909099999999998
0.0006800599999999998
0.0006804500000000001
0.00068996
0.0006768999999999998
0.0006770900000000002
0.0006869699999999999
0.00068149
0.0006805399999999999
0.0006878700000000001
0.00068746
0.0006765000000000003
0.0006924200000000002
0.0006909099999999999
0.0006878600000000001
0.0006775500000000003
0.0006847900000000001
0.0006909700000000002
0.0006866600000000001
0.0006866900000000001
0.0006794
0.0006865100000000002
0.00068341
0.0006844900000000001
0.00068816
0.00068818
0.0006938699999999999
0.0006792100000000001
0.00068169
0.0006814200000000002
0.0006836000000000004
0.0006883600000000001
0.0006845300000000001
0.0006837099999999999
0.0006957299999999999
0.0006928699999999998
0.0006806999999999999
0.0006854199999999997
0.0006836499999999996
0.00068232
0.00068654
0.0006883600000000001
0.0006916700000000003
0.0006882200000000001
0.0006900800000000001
0.0006823099999999999
0.0006830699999999999
0.0006866899999999999
0.0006788799999999999
0.0006835300000000001
0.0006930300000000001
0.0006826699999999999
0.0006785499999999997
0.0006841900000000001
0.0006797999999999997
0.0006902099999999996
0.0006775899999999998
0.0006911599999999998
0.00069073
0.0006830999999999999
0.0006809800000000002
0.0006762799999999997
0.0006853000000000001
0.0006893800000000004
0.0006878499999999998
0.0006900599999999999
0.0006802900000000002
0.0006827199999999999
0.0006815500000000004
0.0006857000000000004
0.0006965999999999997
0.0006929700000000004
0.0006886399999999998
0.0006857099999999997
0.00068768
0.0006792599999999999
0.0006886600000000002
0.0006866999999999999
0.0006922399999999998
0.00068362
