40 312 9.26 1.31584 0.598383838384 0.00207918626263 0
70 2410 66.0 2.25148 0.0 0.00284368646465 0
50 732 15.03 1.46548 1.01929292929 0.00336800969697 0
80 948 11.99 1.56062 0.454444444444 0.00245549050505 0
10 40 7.35 1.20126 0.229797979798 0.00183512363636 0
90 3600 43.2 2.59981 2.78787878788 0.11063140798 0
40 780 41.0 1.51719 0.0 0.00249068070707 0
50 122 5.05 1.28839 0.229797979798 0.147982038283 0
60 177 5.58 1.35435 0.246060606061 0.599051724747 0
100 990 10.68 1.75124 0.280404040404 1.2959247701 0
40 468 13.27 1.42788 0.441515151515 0.352458046061 0
80 632 9.2 1.46424 0.242424242424 0.00279713373737 0
70 2169 34.33 2.05736 1.9001010101 0.166103040808 0
20 76 5.96 1.22114 0.301414141414 0.00656791959596 0
60 708 12.31 1.46136 0.721111111111 0.00198756606061 0
10 24 4.47 1.33072 0.251616161616 0.826095476364 0
100 2970 25.61 2.30837 1.29080808081 0.0241315889899 0
30 430 26.0 1.3648 0.0 0.00213890909091 0
100 4950 101.0 3.56414 0.0 0.00395157616162 0
40 624 18.39 1.46355 1.06858585859 0.129373340909 0
70 1687 23.2 1.86011 0.767676767677 0.127550442323 0
20 57 5.16 1.22865 0.378181818182 0.0163910176768 0
40 156 6.25 1.25606 0.391414141414 0.00139633979798 0
70 964 13.66 1.62599 0.610505050505 0.444480656465 0
90 2000 19.57 1.93442 1.07585858586 0.00201222585859 0
20 95 6.83 1.25885 0.283939393939 0.167506694444 0
60 1062 17.53 1.58707 0.837474747475 0.00250699505051 0
100 1485 14.19 1.82071 0.519090909091 0.179760147374 0
10 32 5.46 1.19462 0.250909090909 0.00160898545455 0
90 2800 28.18 2.25823 1.36121212121 0.0908275930303 0
70 1446 19.79 1.81736 0.753434343434 0.606877869091 0
50 366 9.09 1.52102 0.426161616162 1.08063472687 0
10 16 3.61 1.18596 0.240303030303 0.00183064484848 0
80 3160 81.0 2.67004 0.0 0.101872301414 0
10 12 3.35 1.1863 0.229797979798 0.00125275757576 0
70 1205 16.62 1.64659 0.581414141414 0.00189903222222 0
30 129 6.32 1.24978 0.280404040404 0.00196987030303 0
20 190 21.0 1.34953 0.0 0.359851039495 0
10 8 3.0 1.22642 0.0 0.164808690505 0
30 43 3.65 1.29037 0.229797979798 0.623026477879 0
40 390 11.42 1.45215 0.650101010101 0.668562633838 0
50 1220 45.0 1.7222 0.0 0.138457616162 0
50 854 17.81 1.55175 0.397878787879 0.186689603535 0
30 387 16.97 1.38796 0.413232323232 0.30746805899 0
20 19 3.3 1.19888 0.212121212121 0.00211741979798 0
40 702 22.24 1.45048 0.891313131313 0.00166516121212 0
40 234 8.09 1.29458 0.466565656566 0.0169409127273 0
60 1593 31.43 1.79211 1.01525252525 0.00340809888889 0
100 1980 17.52 1.9527 0.959191919192 0.0170878282828 0
30 215 8.93 1.31875 0.510202020202 0.250849179293 0
30 301 12.21 1.38342 0.955454545455 0.336272064242 0
70 241 6.11 1.35172 0.220101010101 0.141087476364 0
30 344 14.02 1.34325 0.545050505051 0.0922896237374 0
100 4455 47.21 2.95238 2.67262626263 0.158049288485 0
50 610 12.85 1.49343 0.633838383838 0.335679378889 0
100 3465 30.12 2.47191 1.15717171717 0.00308149686869 0
10 36 5.58 1.28562 0.306666666667 0.841692601616 0
70 482 8.72 1.38606 0.345050505051 0.00158831959596 0
10 28 4.95 1.18878 0.169191919192 0.00123593090909 0
50 244 6.82 1.29586 0.532929292929 0.0015040610101 0
90 3200 33.95 2.45715 1.48232323232 0.25716055303 0
20 171 13.21 1.28532 0.167575757576 0.158934866263 0
80 2844 38.98 2.28215 2.10060606061 0.00251323989899 0
40 546 15.17 1.40567 0.950606060606 0.00306790010101 0
30 172 8.24 1.307 1.03272727273 0.161841212121 0
80 1580 17.78 1.78174 0.698585858586 0.00223659838384 0
100 495 7.32 1.47401 0.219797979798 0.207994191818 0
10 4 2.0 1.22446 0.0 0.167838351919 0
80 2212 25.08 2.07073 1.12484848485 0.160298098081 0
20 38 4.24 1.22889 0.244848484848 0.0598164827273 0
70 723 11.31 1.50943 0.418080808081 0.162775681919 0
40 78 4.32 1.23231 0.219797979798 0.00162035747475 0
30 258 10.39 1.32761 0.563535353535 0.233833230202 0
20 133 8.27 1.24009 0.582929292929 0.00161582010101 0
90 1200 13.25 1.72676 0.310606060606 0.360854729697 0
10 20 4.0 1.21801 0.262626262626 0.04427001 0
70 1928 28.07 1.94884 1.84353535354 0.109487913535 0
20 152 11.07 1.24775 0.510202020202 0.00181115909091 0
80 2528 30.7 2.23805 1.22222222222 0.613001280303 0
90 4000 85.0 3.02487 0.0 0.00338457888889 0
50 488 10.6 1.4268 0.585858585859 0.173513656566 0
60 1770 61.0 1.95841 0.0 0.00190420393939 0
80 316 6.45 1.43408 0.25 0.546925609697 0
100 2475 21.48 2.11506 0.83797979798 0.00249171353535 0
60 885 14.97 1.67443 0.756666666667 1.20224721727 0
60 354 7.72 1.41697 0.324848484848 0.589178958687 0
80 1896 21.15 1.93091 1.15909090909 0.117650365556 0
60 531 10.11 1.47964 0.482727272727 0.603407667071 0
90 2400 23.91 2.1043 0.60797979798 0.0645909393939 0
90 1600 16.51 1.86978 0.616060606061 0.574087627879 0
60 1416 24.72 1.74893 1.13292929293 0.0875770556566 0
50 1098 26.34 1.63832 1.35797979798 0.123344926869 0
20 114 7.93 1.22936 0.530404040404 0.00204467717172 0
90 800 9.94 1.57954 0.319595959596 0.377511766061 0
100 3960 36.8 2.6992 2.56565656566 0.121764787879 0
90 400 6.88 1.52361 0.227878787879 0.755930442323 0
80 1264 14.83 1.82523 0.728383838384 0.88052298697 0
30 86 5.49 1.2276 0.252424242424 0.00168765656566 0
50 976 21.25 1.63229 1.32070707071 0.648161682727 0
60 1239 20.97 1.75452 0.958686868687 0.320516514747 0
40 312 9.16 1.51855 0.297373737374 0.36247645202 1
70 2410 66.0 2.63436 0.0 0.185096050909 1
50 732 14.4 1.56614 0.464646464646 0.00344596 1
80 948 11.77 1.71044 0.239494949495 0.0554062286869 1
10 40 7.12 1.33084 0.106666666667 0.198790095354 1
90 3600 42.01 2.83826 1.36353535354 0.00424399232323 1
40 780 41.0 1.78396 0.0 0.467841069091 1
50 122 4.76 1.34142 0.184242424242 0.00338796323232 1
60 177 5.21 1.3782 0.167575757576 0.00550727272727 1
100 990 10.43 1.73002 0.308181818182 0.0195232925253 1
40 468 12.82 1.46133 0.391515151515 0.00281313242424 1
80 632 9.01 1.74651 0.373636363636 1.09437766657 1
70 2169 34.16 2.24941 1.08525252525 0.171847476667 1
20 76 5.75 1.36241 0.310606060606 0.586678648384 1
60 708 11.68 1.60751 0.361212121212 0.0730834039394 1
10 24 4.18 1.27347 0.149090909091 0.00392530212121 1
100 2970 25.22 2.55725 0.920808080808 0.644703502525 1
30 430 26.0 1.52297 0.0 0.508551261717 1
100 4950 101.0 4.40176 0.0 0.00764529535354 1
40 624 17.98 1.66587 0.989494949495 0.948036195051 1
70 1687 22.77 2.04861 0.663737373737 0.285472119091 1
20 57 4.94 1.40868 0.178181818182 0.468261209697 1
40 156 6.03 1.34174 0.09 0.0030885579798 1
70 964 13.31 1.67157 0.397878787879 0.00985513646465 1
90 2000 18.97 2.15004 0.595050505051 0.270981594343 1
20 95 6.45 1.35177 0.25 0.197602017273 1
60 1062 16.88 1.70636 0.510707070707 0.00326750545455 1
100 1485 13.94 1.90308 0.481212121212 0.00272981171717 1
10 32 5.26 1.36932 0.194343434343 0.361551452121 1
90 2800 27.11 2.41669 0.684747474747 0.00392187262626 1
70 1446 18.91 1.86198 0.365555555556 0.00305001979798 1
50 366 8.5 1.48459 0.252525252525 0.151310284747 1
10 16 3.37 1.26137 0.235454545455 0.00409954858586 1
80 3160 81.0 3.21862 0.0 0.668563833939 1
10 12 3.24 1.25975 0.184242424242 0.00294954292929 1
70 1205 16.02 1.77402 0.423838383838 0.00433004 1
30 129 6.13 1.32403 0.235454545455 0.00229611020202 1
20 190 21.0 1.35058 0.0 0.00352893292929 1
10 8 3.0 1.29449 0.0 0.117162232222 1
30 43 3.44 1.32547 0.248888888889 0.149561423333 1
40 390 10.74 1.5509 0.376161616162 0.667388212121 1
50 1220 45.0 1.93765 0.0 0.285886371212 1
50 854 17.24 1.6231 0.568080808081 0.00412257575758 1
30 387 16.47 1.47355 0.696060606061 0.147866795455 1
20 19 3.03 1.39321 0.0293939393939 0.839672389798 1
40 702 21.5 1.63816 0.777777777778 0.60665496404 1
40 234 7.56 1.36673 0.349898989899 0.00302640111111 1
60 1593 30.48 2.05482 1.26222222222 1.21916051273 1
100 1980 17.24 2.08162 0.487272727273 0.00283268242424 1
30 215 8.8 1.36002 0.383838383838 0.00381228242424 1
30 301 11.68 1.38963 0.462222222222 0.00411195262626 1
70 241 5.82 1.48241 0.149090909091 0.574030628182 1
30 344 13.31 1.45298 0.519090909091 0.16014793899 1
100 4455 46.34 3.2432 1.92363636364 0.00383539393939 1
50 610 12.63 1.51829 0.356666666667 0.00469960191919 1
100 3465 29.71 2.77446 0.854444444444 0.653658392323 1
10 36 5.39 1.38845 0.240303030303 0.774706856061 1
70 482 8.35 1.60661 0.512626262626 1.29058009889 1
10 28 4.66 1.26521 0.226666666667 0.0028803089899 1
50 244 6.83 1.45244 0.203131313131 0.220081966061 1
90 3200 33.12 2.64805 0.955151515152 0.143161724747 1
20 171 13.07 1.35933 0.0657575757576 0.0280129506061 1
80 2844 38.21 2.51745 0.652424242424 0.00413222979798 1
40 546 14.97 1.5295 0.453636363636 0.147059424242 1
30 172 7.73 1.46792 0.320303030303 0.815090276364 1
80 1580 17.77 1.98 0.603131313131 0.499762161616 1
100 495 7.06 1.53757 0.117575757576 0.00338321727273 1
10 4 2.0 1.28445 0.0 0.0532964722222 1
80 2212 24.71 2.25459 0.672626262626 0.250800547374 1
20 38 3.94 1.28715 0.178181818182 0.00428390656566 1
70 723 11.12 1.65026 0.288484848485 0.497093628687 1
40 78 4.1 1.32268 0.0909090909091 0.0140185228283 1
30 258 10.3 1.37038 0.414141414141 0.00471239959596 1
20 133 8.41 1.31379 0.426161616162 0.00333477363636 1
90 1200 12.71 1.81426 0.248383838384 0.0705756488889 1
10 20 3.65 1.29896 0.290404040404 0.140494887273 1
70 1928 27.06 2.13718 0.925656565657 0.391630330909 1
20 152 10.56 1.37479 0.248888888889 0.168096026162 1
80 2528 30.13 2.41715 0.902121212121 0.669179643939 1
90 4000 85.0 3.64192 0.0 0.00564783191919 1
50 488 10.61 1.62995 0.321111111111 1.25668194697 1
60 1770 61.0 2.23619 0.0 0.00443090292929 1
80 316 6.19 1.60162 0.155454545455 0.883039268283 1
100 2475 21.01 2.39857 0.737272727273 0.701274207172 1
60 885 14.01 1.64892 0.555454545455 0.00551185212121 1
60 354 7.69 1.47805 0.337272727273 0.170785260101 1
80 1896 21.17 2.04865 0.405151515152 0.00516592676768 1
60 531 9.59 1.53553 0.385757575758 0.168366857677 1
90 2400 23.18 2.27682 0.714747474747 0.0538627147475 1
90 1600 15.99 1.9439 0.494848484848 0.00603077777778 1
60 1416 24.72 1.86863 0.910707070707 0.00720835666667 1
50 1098 25.6 1.76116 0.565656565657 0.0681690044444 1
20 114 7.95 1.30434 0.229797979798 0.00304501454545 1
90 800 9.7 1.62771 0.272727272727 0.00347845040404 1
100 3960 35.97 2.93383 0.736464646465 0.00408804151515 1
90 400 6.76 1.54215 0.184242424242 0.161175098485 1
80 1264 14.68 1.85291 0.34101010101 0.168324244343 1
30 86 5.17 1.43148 0.142525252525 0.564230474343 1
50 976 21.01 1.91917 0.717070707071 3.03208224354 1
60 1239 20.42 1.80222 0.650101010101 0.0302313652525 1
40 312 8.56 1.48582 0.248888888889 0.00147130060606 2
70 2410 66.0 3.17414 0.0 0.00299349535354 2
50 732 14.09 1.68704 0.426161616162 0.00221702868687 2
80 948 11.47 1.82199 0.312222222222 0.00247655545455 2
10 40 7.03 1.32166 0.0293939393939 0.00162699434343 2
90 3600 41.66 3.31387 1.45898989899 0.00331290212121 2
40 780 41.0 1.87088 0.0 0.0205339248485 2
50 122 4.51 1.46383 0.252424242424 0.0970513546465 2
60 177 5.15 1.47478 0.128787878788 0.00873199151515 2
100 990 10.22 1.89676 0.233939393939 0.0652381236364 2
40 468 12.39 1.64134 0.300909090909 0.661471034747 2
80 632 8.81 1.69195 0.155454545455 0.0079103510101 2
70 2169 32.98 2.49707 0.928888888889 0.0023420859596 2
20 76 5.51 1.3512 0.252424242424 0.00181155555556 2
60 708 11.64 1.70992 0.313535353535 0.0994257309091 2
10 24 4.0 1.32432 0.0 0.00704862383838 2
100 2970 24.4 2.79199 0.424242424242 0.00302829282828 2
30 430 26.0 1.56623 0.0 0.00159710818182 2
100 4950 101.0 5.98441 0.0 0.00647951707071 2
40 624 17.2 1.63972 0.363636363636 0.00227986020202 2
70 1687 21.76 2.16612 0.507474747475 0.00240467232323 2
20 57 4.77 1.35441 0.178888888889 0.00185006252525 2
40 156 5.73 1.42924 0.199090909091 0.00200038626263 2
70 964 12.9 1.85952 0.191919191919 0.260376494545 2
90 2000 18.83 2.29882 0.364747474747 0.00279560363636 2
20 95 6.23 1.37993 0.178888888889 0.0285241667677 2
60 1062 16.61 1.84917 0.401919191919 0.00167010212121 2
100 1485 13.44 2.12881 0.248888888889 0.181651145354 2
10 32 5.03 1.37003 0.0293939393939 0.213786736465 2
90 2800 26.78 2.71738 0.617777777778 0.00238561171717 2
70 1446 18.46 2.03881 0.473131313131 0.00270823626263 2
50 366 8.33 1.52843 0.344545454545 0.00227317686869 2
10 16 3.09 1.31101 0.0827272727273 0.00159037363636 2
80 3160 81.0 4.01686 0.0 0.00271983878788 2
10 12 3.03 1.31228 0.0293939393939 0.00181325414141 2
70 1205 15.81 1.91982 0.216060606061 0.00350675515152 2
30 129 5.95 1.40002 0.169191919192 0.0027299389899 2
20 190 21.0 1.42982 0.0 0.0023596440404 2
10 8 3.0 1.31057 0.0 0.00220802535354 2
30 43 3.1 1.36594 0.0909090909091 0.00187510747475 2
40 390 10.7 1.51552 0.252525252525 0.00162132282828 2
50 1220 45.0 2.18279 0.0 0.235324329192 2
50 854 16.58 1.74457 0.488484848485 0.00135467181818 2
30 387 16.2 1.57146 0.282828282828 0.15634956404 2
20 19 3.03 1.33426 0.0293939393939 0.00191280040404 2
40 702 21.17 1.68766 0.647575757576 0.00186269131313 2
40 234 7.34 1.50152 0.226666666667 0.103142575354 2
60 1593 30.03 2.18196 0.696060606061 0.0116148266667 2
100 1980 16.64 2.29951 0.353939393939 0.00215992919192 2
30 215 8.43 1.43115 0.368787878788 0.0017440479798 2
30 301 11.17 1.46991 0.384949494949 0.00232763828283 2
70 241 5.68 1.50707 0.219797979798 0.0018426920202 2
30 344 12.98 1.49384 0.44404040404 0.00218668121212 2
100 4455 45.44 3.84248 1.64282828283 0.00345091878788 2
50 610 12.08 1.62807 0.256161616162 0.00204119707071 2
100 3465 29.28 3.05438 1.03191919192 0.0026585410101 2
10 36 5.1 1.36344 0.0909090909091 0.165843966061 2
70 482 8.13 1.61181 0.114242424242 0.00181821606061 2
10 28 4.35 1.31588 0.229797979798 0.00181148040404 2
50 244 6.55 1.48512 0.25 0.00418202585859 2
90 3200 32.51 2.98387 0.717070707071 0.0036720940404 2
20 171 13.0 1.40509 0.0 0.0019685069697 2
80 2844 37.39 2.92712 1.02818181818 0.122054268283 2
40 546 14.54 1.60727 0.372121212121 0.0191336132323 2
30 172 7.43 1.49219 0.247575757576 0.649513973636 2
80 1580 17.44 2.09823 0.248888888889 0.00273646171717 2
100 495 6.91 1.65886 0.0827272727273 0.00165214181818 2
10 4 2.0 1.30994 0.0 0.00219062262626 2
80 2212 24.21 2.44563 0.450404040404 0.0548120334343 2
20 38 3.89 1.35332 0.0988888888889 0.00273112888889 2
70 723 10.62 1.70848 0.298585858586 0.00236241373737 2
40 78 4.03 1.40021 0.0293939393939 0.00960729888889 2
30 258 9.81 1.46519 0.216060606061 0.0118361756566 2
20 133 7.85 1.37851 0.189393939394 0.00197895949495 2
90 1200 12.64 1.94595 0.353939393939 0.00247921969697 2
10 20 3.43 1.31512 0.247575757576 0.00170396525253 2
70 1928 26.55 2.30913 0.492424242424 0.00228108393939 2
20 152 10.36 1.39153 0.232727272727 0.00172479707071 2
80 2528 29.46 2.64413 0.95797979798 0.0323902556566 2
90 4000 85.0 4.75967 0.0 0.00445264757576 2
50 488 10.1 1.58123 0.212121212121 0.00264361323232 2
60 1770 61.0 2.67301 0.0 0.00306293929293 2
80 316 6.03 1.55677 0.0293939393939 0.00172341121212 2
100 2475 20.77 2.53578 0.259696969697 0.00322756727273 2
60 885 13.93 1.82594 0.368787878788 0.404475935758 2
60 354 7.28 1.54282 0.203636363636 0.00290687636364 2
80 1896 20.33 2.25833 0.445555555556 0.00224741525253 2
60 531 9.45 1.61285 0.310606060606 0.00284037121212 2
90 2400 22.53 2.51999 0.514242424242 0.0197717069697 2
90 1600 15.68 2.12019 0.260202020202 0.00259146858586 2
60 1416 23.91 2.04841 0.789797979798 0.00193297161616 2
50 1098 25.15 1.92652 0.512626262626 0.0545431006061 2
20 114 7.57 1.37138 0.308181818182 0.00234672282828 2
90 800 9.58 1.89775 0.246060606061 1.36511546212 2
100 3960 35.54 3.41826 0.85696969697 0.112896032727 2
90 400 6.58 1.61793 0.246060606061 0.00298166171717 2
80 1264 14.51 1.96877 0.252424242424 0.00384522939394 2
30 86 5.09 1.37739 0.0827272727273 0.00171535141414 2
50 976 20.29 1.90423 0.672626262626 0.575743734444 2
60 1239 19.87 1.9998 0.538484848485 0.125737272727 2
40 312 8.56 1.64804 0.248888888889 0.00188135191919 3
70 2410 66.0 4.33552 0.0 0.00387017131313 3
50 732 13.74 1.90389 0.234747474747 0.00224945242424 3
80 948 11.13 2.0966 0.275858585859 0.0025816969697 3
10 40 7.0 1.41876 0.0 0.00219466909091 3
90 3600 41.23 4.24968 0.865757575758 0.00537563393939 3
40 780 41.0 2.20435 0.0 0.0020006540404 3
50 122 4.18 1.58106 0.149090909091 0.00172870343434 3
60 177 5.0 1.6445 0.0 0.0258731818182 3
100 990 9.98 2.18931 0.060202020202 0.0369406807071 3
40 468 12.29 1.80947 0.248383838384 0.204790413232 3
80 632 8.87 1.95302 0.114242424242 0.0210418379798 3
70 2169 32.43 3.05811 0.712222222222 0.00400739181818 3
20 76 5.27 1.45608 0.199090909091 0.00175916525253 3
60 708 11.34 1.91171 0.226666666667 0.00217711707071 3
10 24 4.0 1.40315 0.0 0.0015724520202 3
100 2970 24.33 3.36587 0.405151515152 0.0025512859596 3
30 430 26.0 1.77535 0.0 0.00191734090909 3
100 4950 101.0 9.16281 0.0 0.0112350645455 3
40 624 17.1 1.85074 0.333333333333 0.00249447717172 3
70 1687 21.48 2.56135 0.252121212121 0.0124324924242 3
20 57 4.37 1.46763 0.235454545455 0.0129800940404 3
40 156 5.45 1.59005 0.25 0.0262027752525 3
70 964 12.63 2.07277 0.235454545455 0.00179179505051 3
90 2000 18.35 2.71736 0.35101010101 0.00287120242424 3
20 95 6.04 1.47294 0.0387878787879 0.00154567313131 3
60 1062 16.16 2.12265 0.236767676768 0.00177629040404 3
100 1485 13.14 2.43268 0.202424242424 0.00214518949495 3
10 32 5.0 1.40948 0.0 0.00246540363636 3
90 2800 26.36 3.31542 0.495353535354 0.0846920036364 3
70 1446 17.84 2.36674 0.337777777778 0.00231823474747 3
50 366 8.12 1.70104 0.167272727273 0.00239351353535 3
10 16 3.0 1.42254 0.0 0.025334129697 3
80 3160 81.0 5.80773 0.0 0.00630638090909 3
10 12 3.0 1.39685 0.0 0.00137461363636 3
70 1205 15.51 2.21672 0.333232323232 0.00239628444444 3
30 129 5.86 1.53223 0.121616161616 0.00410668393939 3
20 190 21.0 1.56344 0.0 0.00207907717172 3
10 8 3.0 1.39003 0.0 0.00140093848485 3
30 43 3.08 1.48107 0.0743434343434 0.00195824757576 3
40 390 10.31 1.68548 0.216060606061 0.0015053430303 3
50 1220 45.0 2.63392 0.0 0.00465197333333 3
50 854 16.34 1.9911 0.226666666667 0.0032031010101 3
30 387 15.87 1.69113 0.174848484848 0.00194484151515 3
20 19 3.0 1.44128 0.0 0.00241779959596 3
40 702 20.72 1.93137 0.446060606061 0.0260195283838 3
40 234 7.13 1.62627 0.174848484848 0.072132279899 3
60 1593 29.58 2.604 0.347070707071 0.00203222222222 3
100 1980 16.64 2.70495 0.232727272727 0.00191847222222 3
30 215 8.19 1.58171 0.195858585859 0.00413154131313 3
30 301 11.08 1.6228 0.23595959596 0.00289884848485 3
70 241 5.49 1.70314 0.252424242424 0.0020602630303 3
30 344 12.74 1.65068 0.295353535354 0.00163153292929 3
100 4455 45.03 5.01724 0.817272727273 0.00461798222222 3
50 610 11.7 1.83401 0.212121212121 0.00311663626263 3
100 3465 28.74 3.74826 0.295353535354 0.00258688121212 3
10 36 5.0 1.40945 0.0 0.00131156313131 3
70 482 7.99 1.82138 0.050404040404 0.00258211676768 3
10 28 4.17 1.40704 0.142525252525 0.00190323070707 3
50 244 6.22 1.64352 0.173333333333 0.00197570666667 3
90 3200 32.21 3.67889 0.450404040404 0.00394619989899 3
20 171 13.0 1.52987 0.0 0.00152263949495 3
80 2844 36.77 3.62591 0.643535353535 0.0579410322222 3
40 546 14.25 1.78638 0.25 0.00218908646465 3
30 172 6.91 1.55501 0.123131313131 0.0022079089899 3
80 1580 16.98 2.44814 0.181414141414 0.00191777818182 3
100 495 6.81 1.91336 0.155454545455 0.00181451555556 3
10 4 2.0 1.40138 0.0 0.00332136929293 3
80 2212 23.85 2.90711 0.391414141414 0.00321424030303 3
20 38 3.74 1.44581 0.194343434343 0.00171886252525 3
70 723 10.44 1.94527 0.248888888889 0.00299961323232 3
40 78 4.0 1.53 0.0 0.00201981818182 3
30 258 9.56 1.60609 0.248888888889 0.0165036382828 3
20 133 7.79 1.51875 0.167575757576 0.0322273611111 3
90 1200 12.33 2.2955 0.283939393939 0.135734212121 3
10 20 3.24 1.40428 0.184242424242 0.00183361777778 3
70 1928 25.97 2.75923 0.413232323232 0.00263403747475 3
20 152 10.2 1.51367 0.161616161616 0.00188086979798 3
80 2528 29.06 3.1903 0.56202020202 0.0181617474747 3
90 4000 85.0 6.98277 0.0 0.00837490616162 3
50 488 9.9 1.76259 0.151515151515 0.00196982010101 3
60 1770 61.0 3.53313 0.0 0.00256627585859 3
80 316 5.98 1.77458 0.019797979798 0.00277475111111 3
100 2475 20.19 3.01618 0.195858585859 0.00197889656566 3
60 885 13.58 2.01138 0.246060606061 0.00203740969697 3
60 354 6.97 1.71889 0.0293939393939 0.00154957363636 3
80 1896 20.03 2.66742 0.352626262626 0.00533961979798 3
60 531 9.24 1.80436 0.244848484848 0.00121708121212 3
90 2400 22.44 2.99718 0.491313131313 0.00354311878788 3
90 1600 15.43 2.47572 0.247575757576 0.00204648646465 3
60 1416 23.46 2.39598 0.452929292929 0.00162102989899 3
50 1098 24.72 2.2234 0.486464646465 0.00273381818182 3
20 114 7.4 1.52203 0.242424242424 0.134845362727 3
90 800 9.34 2.07454 0.226666666667 0.138376351919 3
100 3960 34.83 4.26178 0.829393939394 0.00736431474747 3
90 400 6.16 1.84322 0.135757575758 0.00267055717172 3
80 1264 14.02 2.33975 0.181414141414 0.22227184596 3
30 86 4.95 1.50379 0.108585858586 0.00264515747475 3
50 976 20.22 2.10531 0.43595959596 0.0022038120202 3
60 1239 19.73 2.25632 0.360707070707 0.00151755313131 3
40 312 8.24 2.04922 0.184242424242 0.0206370824242 4
70 2410 66.0 6.87456 0.0 0.343204370101 4
50 732 13.4 2.42353 0.323232323232 0.0184048172727 4
80 948 11.11 2.77907 0.0988888888889 0.158240671818 4
10 40 7.0 1.67176 0.0 0.0159362246465 4
90 3600 40.48 6.22126 0.595555555556 0.0877152852525 4
40 780 41.0 3.02606 0.0 0.0401600367677 4
50 122 4.04 2.0093 0.0387878787879 0.0309004747475 4
60 177 4.93 2.09625 0.0657575757576 0.125549724747 4
100 990 9.93 2.85482 0.0657575757576 0.0355206541414 4
40 468 12.03 2.17045 0.170808080808 0.0191321893939 4
80 632 8.47 2.48994 0.251616161616 0.0207355923232 4
70 2169 32.34 4.25718 0.408484848485 0.0238688157576 4
20 76 5.07 1.75205 0.0657575757576 0.0199845732323 4
60 708 11.0 2.4496 0.040404040404 0.0282702828283 4
10 24 4.0 1.69543 0.0 0.138225722323 4
100 2970 23.84 4.61956 0.297373737374 0.0225950973737 4
30 430 26.0 2.28975 0.0 0.0219183106061 4
100 4950 101.0 15.63657 0.0 0.187226550606 4
40 624 16.79 2.35356 0.30898989899 0.0209416630303 4
70 1687 21.14 3.45063 0.424646464646 0.43374009404 4
20 57 4.16 1.75763 0.135757575758 0.0213451243434 4
40 156 5.33 1.98329 0.223333333333 0.0308597635354 4
70 964 12.35 2.67224 0.290404040404 0.0200272751515 4
90 2000 18.07 3.62474 0.247575757576 0.0344624367677 4
20 95 6.02 1.79035 0.019797979798 0.0722080277778 4
60 1062 16.14 2.80777 0.323636363636 0.222876966768 4
100 1485 13.04 3.30174 0.139797979798 0.625654921616 4
10 32 5.0 1.6778 0.0 0.0306393131313 4
90 2800 26.04 4.54326 0.382222222222 0.0523236892929 4
70 1446 17.82 3.13565 0.351111111111 0.0235508762626 4
50 366 7.98 2.19042 0.019797979798 0.332475922828 4
10 16 3.0 1.65046 0.0 0.01444116 4
80 3160 81.0 9.46344 0.0 0.0339025923232 4
10 12 3.0 1.6727 0.0 0.0906895050505 4
70 1205 15.12 2.90583 0.288484848485 0.0220142637374 4
30 129 5.5 1.86033 0.252525252525 0.020043859697 4
20 190 21.0 1.91974 0.0 0.0192126185859 4
10 8 3.0 1.65495 0.0 0.0185420883838 4
30 43 3.0 1.8308 0.0 0.0971789292929 4
40 390 10.22 2.09287 0.173333333333 0.015707649596 4
50 1220 45.0 3.755 0.0 0.032623959596 4
50 854 15.94 2.56695 0.400404040404 0.0182106540404 4
30 387 15.67 2.10076 0.283939393939 0.0205462650505 4
20 19 3.0 1.75354 0.0 0.0231884327273 4
40 702 20.4 2.48155 0.282828282828 0.0185939065657 4
40 234 7.0 1.98012 0.0808080808081 0.0173565309091 4
60 1593 29.2 3.58246 0.464646464646 0.0277180286869 4
100 1980 16.23 3.64025 0.219292929293 0.162399906566 4
30 215 8.02 1.93784 0.060202020202 0.0557199539394 4
30 301 10.81 2.00958 0.195858585859 0.028568609697 4
70 241 5.36 2.23313 0.232727272727 0.0596803364646 4
30 344 12.42 2.06341 0.367272727273 0.0226295574747 4
100 4455 44.42 7.49799 0.549090909091 0.119835504949 4
50 610 11.71 2.31529 0.20797979798 0.0189632382828 4
100 3465 28.4 5.23887 0.383838383838 0.0257544980808 4
10 36 5.0 1.68244 0.0 0.0258960872727 4
70 482 7.93 2.35977 0.0657575757576 0.0264598152525 4
10 28 4.02 1.68294 0.019797979798 0.0246071680808 4
50 244 6.16 2.12373 0.135757575758 0.415948966768 4
90 3200 31.84 5.17101 0.35797979798 0.0284369190909 4
20 171 13.0 1.86812 0.0 0.0259139854545 4
80 2844 36.3 5.18477 0.636363636364 0.0847506839394 4
40 546 14.01 2.27279 0.252424242424 0.036604430202 4
30 172 7.04 1.95495 0.0387878787879 0.0333663510101 4
80 1580 16.67 3.23265 0.243535353535 0.0163178661616 4
100 495 6.7 2.50174 0.212121212121 0.0171663559596 4
10 4 2.0 1.64753 0.0 0.0162807364646 4
80 2212 23.49 4.00408 0.333232323232 0.318537549091 4
20 38 3.49 1.73492 0.252424242424 0.0139604783838 4
70 723 10.08 2.50428 0.0743434343434 0.0244840420202 4
40 78 3.99 1.89497 0.01 0.0192179283838 4
30 258 9.33 1.94867 0.223333333333 0.0244994556566 4
20 133 7.57 1.81293 0.247575757576 0.0194985910101 4
90 1200 12.1 2.94184 0.212121212121 0.0172546206061 4
10 20 3.04 1.65205 0.0387878787879 0.0194655025253 4
70 1928 25.53 3.78759 0.251616161616 0.242486102929 4
20 152 10.02 1.85303 0.019797979798 0.175486110202 4
80 2528 28.58 4.40836 0.448080808081 0.0252725761616 4
90 4000 85.0 11.5528 0.0 0.213044484848 4
50 488 9.86 2.22548 0.121616161616 0.0169705147475 4
60 1770 61.0 5.36085 0.0 0.0325649772727 4
80 316 5.82 2.31749 0.149090909091 0.170933080707 4
100 2475 20.08 4.1102 0.316767676768 0.0372478181818 4
60 885 13.37 2.58237 0.235454545455 0.0171932455556 4
60 354 7.0 2.17754 0.040404040404 0.0194704933333 4
80 1896 19.76 3.58008 0.265050505051 0.167204821818 4
60 531 8.99 2.30987 0.0908080808081 0.017826700101 4
90 2400 22.04 4.04094 0.422626262626 0.0152326832323 4
90 1600 14.91 3.26749 0.244343434343 0.0198218079798 4
60 1416 23.19 3.20467 0.296868686869 0.0184313546465 4
50 1098 24.27 2.97447 0.360707070707 0.0353926152525 4
20 114 7.03 1.80851 0.0293939393939 0.0584738281818 4
90 800 9.1 2.66874 0.0909090909091 0.051694719596 4
100 3960 34.38 6.06926 0.54101010101 0.0274901943434 4
90 400 6.09 2.39428 0.0827272727273 0.0255962238384 4
80 1264 13.71 3.02867 0.20797979798 0.185718081919 4
30 86 4.89 1.81507 0.0988888888889 0.0148398233333 4
50 976 19.62 2.78895 0.359191919192 0.0306537045455 4
60 1239 19.36 2.96219 0.273131313131 0.0186169635354 4
40 312 8.08 2.43153 0.0743434343434 0.0312302516162 5
70 2410 66.0 11.21207 0.0 0.0210691162626 5
50 732 13.24 3.08391 0.204444444444 0.0698649514141 5
80 948 10.95 3.58753 0.0479797979798 0.00835784757576 5
10 40 7.0 1.82192 0.0 0.00757476121212 5
90 3600 40.22 9.77406 0.43595959596 0.324417915556 5
40 780 41.0 4.23441 0.0 0.00716268878788 5
50 122 4.0 2.39658 0.0 0.0129897410101 5
60 177 4.85 2.62984 0.128787878788 0.817017469091 5
100 990 9.8 3.80546 0.161616161616 0.00617027111111 5
40 468 11.86 2.65226 0.121616161616 0.0077671640404 5
80 632 8.16 3.2248 0.135757575758 0.0237236969697 5
70 2169 31.94 6.2656 0.36 0.0103831919192 5
20 76 5.0 1.95951 0.0 0.00706926252525 5
60 708 10.91 3.13674 0.143333333333 0.120713749899 5
10 24 4.0 1.82741 0.0 0.291996971616 5
100 2970 23.56 6.73171 0.309494949495 0.0325770362626 5
30 430 26.0 2.88302 0.0 0.00734826222222 5
100 4950 101.0 27.86153 0.0 0.121651261717 5
40 624 16.56 2.95407 0.269090909091 0.00836820717172 5
70 1687 21.01 4.68871 0.272626262626 0.0137581877778 5
20 57 4.09 1.98049 0.0827272727273 0.0146708988889 5
40 156 5.08 2.31635 0.0743434343434 0.0132046136364 5
70 964 12.18 3.48544 0.209696969697 0.00744802666667 5
90 2000 17.88 5.06312 0.147070707071 0.0160046723232 5
20 95 6.0 1.98474 0.0 0.00638805292929 5
60 1062 15.82 3.61046 0.229898989899 0.00997679636364 5
100 1485 12.95 4.40417 0.0883838383838 0.0142106273737 5
10 32 5.0 1.80345 0.0 0.00919754292929 5
90 2800 25.78 6.66611 0.314747474747 0.426779856465 5
70 1446 17.68 4.25864 0.260202020202 0.00892296 5
50 366 7.86 2.59285 0.121616161616 0.00660000757576 5
10 16 3.0 1.79605 0.0 0.171453542929 5
80 3160 81.0 16.29407 0.0 0.0468072980808 5
10 12 3.0 1.78303 0.0 0.00918004959596 5
70 1205 14.91 3.87914 0.123131313131 0.0125172731313 5
30 129 5.39 2.17886 0.240303030303 0.141158970101 5
20 190 21.0 2.23813 0.0 0.00578080111111 5
10 8 3.0 1.76977 0.0 0.00646484555556 5
30 43 3.0 2.03164 0.0 0.00727934383838 5
40 390 10.08 2.53895 0.0743434343434 0.00946154292929 5
50 1220 45.0 5.61442 0.0 0.171224589495 5
50 854 15.7 3.33262 0.313131313131 0.116415773333 5
30 387 15.48 2.57469 0.252121212121 0.149381569596 5
20 19 3.0 1.92343 0.0 0.00909194454545 5
40 702 20.11 3.20448 0.220101010101 0.00599526222222 5
40 234 6.99 2.36043 0.01 0.00713113646465 5
60 1593 28.79 5.14867 0.30898989899 0.312258829394 5
100 1980 16.01 5.08955 0.050404040404 0.774019744949 5
30 215 7.94 2.2649 0.0569696969697 0.104433545455 5
30 301 10.5 2.34978 0.252525252525 0.00770518343434 5
70 241 5.05 2.72997 0.0479797979798 0.0306609788889 5
30 344 12.11 2.52788 0.240303030303 0.251582328889 5
100 4455 44.03 11.89224 0.453636363636 0.0258656589899 5
50 610 11.34 2.88913 0.267070707071 0.00708556878788 5
100 3465 28.09 7.80981 0.284747474747 0.0258791655556 5
10 36 5.0 1.79711 0.0 0.00571403828283 5
70 482 7.86 2.96025 0.121616161616 0.00907323989899 5
10 28 4.0 1.79966 0.0 0.00834057010101 5
50 244 6.0 2.48495 0.0 0.00959459343434 5
90 3200 31.43 7.75733 0.469797979798 0.0108222435354 5
20 171 13.0 2.15087 0.0 0.00923841727273 5
80 2844 36.14 7.87085 0.444848484848 0.200810371212 5
40 546 13.8 2.78079 0.20202020202 0.00734438979798 5
30 172 6.89 2.27863 0.0988888888889 0.139088417273 5
80 1580 16.48 4.40305 0.252121212121 0.00748293686869 5
100 495 6.48 3.26945 0.252121212121 0.00519774494949 5
10 4 2.0 1.76392 0.0 0.00992116525253 5
80 2212 23.41 5.54767 0.345353535354 0.00729046575758 5
20 38 3.26 1.90875 0.194343434343 0.00524259343434 5
70 723 10.02 3.25012 0.181414141414 0.121961520808 5
40 78 4.0 2.23 0.0 0.0152551919192 5
30 258 9.15 2.27516 0.128787878788 0.00540383272727 5
20 133 7.21 2.05236 0.167575757576 0.00916271757576 5
90 1200 11.96 3.93918 0.0791919191919 0.00992091676768 5
10 20 3.01 1.7948 0.01 0.0101888282828 5
70 1928 25.39 5.32235 0.341313131313 0.0122487550505 5
20 152 10.0 2.08249 0.0 0.0114396059596 5
80 2528 28.5 6.46105 0.313131313131 0.0141591186869 5
90 4000 85.0 20.15911 0.0 0.13220490697 5
50 488 9.5 2.74251 0.292929292929 0.00761730292929 5
60 1770 61.0 8.62175 0.0 0.0178920883838 5
80 316 5.84 2.90875 0.135757575758 0.010727239899 5
100 2475 19.89 5.82224 0.139292929293 0.0107264468687 5
60 885 13.16 3.36869 0.216565656566 0.0878220342424 5
60 354 6.95 2.69778 0.0479797979798 0.0209473046465 5
80 1896 19.5 4.91828 0.252525252525 0.014534870303 5
60 531 8.95 2.89789 0.0479797979798 0.0100641594949 5
90 2400 21.75 5.76786 0.330808080808 0.0133590711111 5
90 1600 14.83 4.4753 0.142525252525 0.0115231414141 5
60 1416 22.82 4.3849 0.290505050505 0.00791843434343 5
50 1098 24.02 4.02115 0.201616161616 0.0137220681818 5
20 114 7.0 1.99575 0.0 0.00717776515152 5
90 800 9.02 3.49941 0.019797979798 0.02734881 5
100 3960 34.03 9.34084 0.372828282828 0.036263529697 5
90 400 6.0 3.06375 0.0 0.00669121969697 5
80 1264 13.63 3.98128 0.235454545455 0.0125085066667 5
30 86 4.85 2.07972 0.128787878788 0.0065797389899 5
50 976 19.33 3.65114 0.283939393939 0.0151668488889 5
60 1239 19.01 4.06818 0.353434343434 0.192798674343 5
40 312 7.98 3.18084 0.019797979798 0.00737357010101 6
70 2410 66.0 20.02804 0.0 0.0807427054545 6
50 732 12.93 4.47205 0.0859595959596 0.662942694444 6
80 948 10.86 5.25071 0.121616161616 0.0173389554545 6
10 40 7.0 2.0526 0.0 0.01432 6
90 3600 39.8 16.56662 0.363636363636 0.0449061975758 6
40 780 41.0 6.67462 0.0 0.00990518747475 6
50 122 3.98 3.14129 0.019797979798 0.0950647938384 6
60 177 4.84 3.39569 0.135757575758 0.00756209484848 6
100 990 9.62 5.66642 0.23797979798 0.0154169935354 6
40 468 11.68 3.57844 0.219797979798 0.00864028929293 6
80 632 8.0 4.63063 0.020202020202 0.016827710202 6
70 2169 31.46 10.29944 0.311515151515 0.0295725115152 6
20 76 5.0 2.31034 0.0 0.00593598424242 6
60 708 10.81 4.39203 0.155454545455 0.0124858879798 6
10 24 4.0 2.0303 0.0 0.23542879798 6
100 2970 23.23 10.865 0.239494949495 0.0189287878788 6
30 430 26.0 4.03093 0.0 0.0158135809091 6
100 4950 101.0 52.47102 0.0 0.438397454141 6
40 624 16.16 4.1413 0.15595959596 0.0100811010101 6
70 1687 20.77 7.23644 0.199090909091 0.0132204307071 6
20 57 4.0 2.34899 0.0 0.0462316463636 6
40 156 5.0 2.94055 0.0 0.00787515909091 6
70 964 11.96 5.08925 0.0589898989899 0.0121401287879 6
90 2000 17.63 7.8515 0.235454545455 0.0184564343434 6
20 95 6.0 2.35796 0.0 0.0059119579798 6
60 1062 15.55 5.29499 0.290404040404 0.0080943130303 6
100 1485 12.87 6.73914 0.114242424242 0.132701151919 6
10 32 5.0 2.02186 0.0 0.00815244484848 6
90 2800 25.35 10.79604 0.270202020202 0.592765877172 6
70 1446 17.38 6.46105 0.298585858586 0.0805910378788 6
50 366 7.79 3.52786 0.167575757576 0.141927596364 6
10 16 3.0 1.99901 0.0 0.127054636263 6
80 3160 81.0 29.74334 0.0 0.268502953939 6
10 12 3.0 2.03128 0.0 0.172746405657 6
70 1205 14.65 5.75924 0.229797979798 0.0145879418182 6
30 129 5.2 2.66185 0.161616161616 0.00807449242424 6
20 190 21.0 2.89561 0.0 0.0886857352525 6
10 8 3.0 1.97151 0.0 0.00610782818182 6
30 43 3.0 2.50521 0.0 0.0364845918182 6
40 390 9.95 3.36535 0.0681818181818 0.00971018939394 6
50 1220 45.0 9.17503 0.0 0.021988049596 6
50 854 15.71 4.78009 0.20797979798 0.120647375657 6
30 387 15.25 3.38768 0.189393939394 0.00767296727273 6
20 19 3.0 2.27403 0.0 0.0113741708081 6
40 702 19.96 4.58877 0.200404040404 0.00865044151515 6
40 234 6.86 3.07827 0.121616161616 0.0123238152525 6
60 1593 28.67 8.06069 0.283939393939 0.0170301554545 6
100 1980 15.92 7.791 0.0743434343434 0.0172910505051 6
30 215 7.86 2.81679 0.121616161616 0.00871798575758 6
30 301 10.38 3.04325 0.23797979798 0.00836780555556 6
70 241 5.0 3.74311 0.0 0.0123715332323 6
30 344 11.89 3.23146 0.119090909091 0.00916190747475 6
100 4455 43.56 20.76705 0.471111111111 0.0676685328283 6
50 610 11.11 4.0332 0.139292929293 0.0246962020202 6
100 3465 27.75 12.96372 0.25 0.387798122828 6
10 36 5.0 2.03391 0.0 0.00783573929293 6
70 482 7.77 4.16591 0.178888888889 0.00974125444444 6
10 28 4.0 2.03396 0.0 0.0117550690909 6
50 244 5.99 3.3272 0.01 0.174588464646 6
90 3200 31.1 12.97667 0.515151515152 0.143760809192 6
20 171 13.0 2.63861 0.0 0.00779785646465 6
80 2844 35.76 13.19069 0.386262626263 0.0339074483838 6
40 546 13.57 3.81896 0.247575757576 0.0100594327273 6
30 172 6.89 2.76279 0.0988888888889 0.00917255141414 6
80 1580 16.19 6.77163 0.195858585859 0.16538758899 6
100 495 6.19 4.85896 0.155454545455 0.625645998384 6
10 4 2.0 1.95776 0.0 0.00559068929293 6
80 2212 23.03 8.84259 0.29202020202 0.0219826887879 6
20 38 3.13 2.26508 0.114242424242 0.0349223571717 6
70 723 9.94 4.58743 0.0569696969697 0.0109427324242 6
40 78 3.88 2.81131 0.106666666667 0.0115648221212 6
30 258 8.98 2.92369 0.04 0.0173553473737 6
20 133 7.07 2.4645 0.0657575757576 0.00871075757576 6
90 1200 11.87 5.89197 0.114242424242 0.00750340313131 6
10 20 3.0 1.98359 0.0 0.00881375949495 6
70 1928 24.95 8.40924 0.270202020202 0.013379800404 6
20 152 10.0 2.53262 0.0 0.00938609656566 6
80 2528 28.11 10.49694 0.462525252525 0.0217868448485 6
90 4000 85.0 37.28341 0.0 0.901070102929 6
50 488 9.35 3.72545 0.229797979798 0.00876089646465 6
60 1770 61.0 15.04273 0.0 0.0509264011111 6
80 316 5.51 4.09472 0.252424242424 0.014287880404 6
100 2475 19.66 9.30327 0.226666666667 0.200887572828 6
60 885 12.93 4.81859 0.0859595959596 0.01226481 6
60 354 6.89 3.67123 0.0988888888889 0.0061474920202 6
80 1896 19.2 7.66121 0.20202020202 0.0338589958586 6
60 531 8.92 4.07467 0.0743434343434 0.202477576869 6
90 2400 21.47 9.17935 0.271818181818 0.0189943510101 6
90 1600 14.8 6.87376 0.161616161616 0.157232224646 6
60 1416 22.64 6.75631 0.293333333333 0.00889173121212 6
50 1098 23.75 6.04968 0.209595959596 0.0196349268687 6
20 114 7.0 2.38874 0.0 0.00785562868687 6
90 800 9.0 5.11186 0.0 0.0125441216162 6
100 3960 33.72 15.72127 0.506666666667 0.0346053910101 6
90 400 6.0 4.44251 0.0 0.0145304746465 6
80 1264 13.35 5.96136 0.229797979798 0.0249130812121 6
30 86 4.65 2.5623 0.229797979798 0.00696213131313 6
50 976 19.11 5.3609 0.240303030303 0.174956919192 6
60 1239 18.79 6.02879 0.167575757576 0.0164668948485 6
