40 312 10.0 5.25621 0.0 43.2216245716
70 2410 66.0 8.69186 0.0 69.062374061
50 732 16.0 6.27142 0.0 46.9644212966
80 948 12.0 7.20469 0.0 55.0971163979
10 40 8.0 4.25804 0.0 33.2127732913
90 3600 44.0 10.7729 0.0 64.9975402929
40 780 40.0 5.94313 0.0 42.3099181142
50 122 5.0 5.56754 0.0 44.7737426347
60 177 6.0 4.63862 0.0 38.5306893895
100 990 11.0 5.23752 0.0 46.8252859895
40 468 13.0 4.1879 0.0 31.284780697
80 632 10.0 4.97778 0.0 33.7376758905
70 2169 33.0 8.16255 0.0 56.9408819874
20 76 6.0 5.49291 0.0 49.3604328504
60 708 12.0 5.55366 0.0 42.7118490954
10 24 4.0 4.80342 0.0 32.7336395996
100 2970 26.0 7.78577 0.0 46.8654968254
30 430 26.0 7.498 0.0 71.4614505051
100 4950 100.0 12.00286 0.0 68.7211431519
40 624 21.0 4.52782 0.0 27.8305096238
70 1687 22.0 6.22942 0.0 39.4358272562
20 57 5.0 5.39728 0.0 48.8665640016
40 156 6.0 8.51668 0.0 69.1180558966
70 964 15.0 5.80665 0.0 44.1772498056
90 2000 18.0 6.03065 0.0 37.8036342096
20 95 7.0 4.45906 0.0 32.9165049257
60 1062 17.0 6.56449 0.0 39.833813606
100 1485 14.0 6.84666 0.0 55.6373728125
10 32 6.0 4.5285 0.0 30.7390112424
90 2800 29.0 8.43883 0.0 58.3109970718
70 1446 20.0 6.12151 0.0 51.2296845353
50 366 9.0 4.05197 0.0 29.7865949183
10 16 4.0 3.38498 0.0 24.2920933935
80 3160 80.0 8.74443 0.0 57.4326203688
10 12 3.0 5.73795 0.0 48.4293195429
70 1205 18.0 7.80028 0.0 55.1856663653
30 129 7.0 5.29716 0.0 46.7038293479
20 190 20.0 3.95251 0.0 27.86850601
10 8 3.0 4.4178 0.0 31.456287899
30 43 4.0 5.285 0.0 40.1093564848
40 390 10.0 4.39197 0.0 33.1046224334
50 1220 45.0 6.15932 0.0 49.7900892703
50 854 17.0 6.34268 0.0 47.9152638966
30 387 16.0 5.48049 0.0 43.864362414
20 19 3.0 5.65424 0.0 55.2146317196
40 702 21.0 5.31964 0.0 34.882831364
40 234 9.0 6.81674 0.0 61.6656922954
60 1593 33.0 7.36012 0.0 56.7103750562
100 1980 18.0 7.67183 0.0 52.551079193
30 215 9.0 5.64625 0.0 50.3461409773
30 301 13.0 4.09978 0.0 27.8978361127
70 241 6.0 7.00231 0.0 54.0943050847
30 344 13.0 6.22209 0.0 54.2597384262
100 4455 49.0 10.38878 0.0 57.1826658905
50 610 13.0 4.1604 0.0 26.6179536364
100 3465 30.0 9.06035 0.0 52.0677862298
10 36 5.0 5.13746 0.0 45.9566434226
70 482 9.0 5.92415 0.0 45.8311530379
10 28 5.0 4.71053 0.0 44.9787882718
50 244 7.0 5.20447 0.0 37.1011743122
90 3200 36.0 9.3085 0.0 56.6602663131
20 171 13.0 5.55302 0.0 45.5372186865
80 2844 38.0 8.94489 0.0 55.4611654322
40 546 15.0 3.97692 0.0 20.045434842
30 172 8.0 6.98702 0.0 68.5984964642
80 1580 18.0 7.291 0.0 49.5743237172
100 495 7.0 6.00448 0.0 45.9523565552
10 4 2.0 3.94384 0.0 28.2158966004
80 2212 24.0 7.87712 0.0 54.4407762683
20 38 4.0 5.09856 0.0 44.8046353398
70 723 11.0 5.56371 0.0 47.5516582282
40 78 4.0 6.39415 0.0 60.4848755631
30 258 11.0 4.1811 0.0 28.5846128586
20 133 8.0 4.37724 0.0 28.8999795984
90 1200 13.0 5.96655 0.0 41.6699319874
10 20 4.0 5.01279 0.0 37.9946846322
70 1928 27.0 7.95823 0.0 55.6793679163
20 152 11.0 4.82654 0.0 33.4372893014
80 2528 31.0 9.44954 0.0 68.5128057055
90 4000 85.0 9.13451 0.0 48.3489480706
50 488 11.0 5.22467 0.0 43.1803814557
60 1770 60.0 6.52259 0.0 47.3059531736
80 316 6.0 7.58154 0.0 65.3041912004
100 2475 21.0 7.39302 0.0 45.1588269693
60 885 14.0 5.25073 0.0 37.3464909668
60 354 8.0 5.11408 0.0 41.0847469228
80 1896 23.0 6.8587 0.0 46.7089828384
60 531 9.0 6.85677 0.0 58.9241192092
90 2400 24.0 7.54512 0.0 52.3953086723
90 1600 16.0 7.22174 0.0 50.7404607802
60 1416 24.0 5.06472 0.0 31.9128511127
50 1098 25.0 8.22529 0.0 74.7836251979
20 114 8.0 4.9721 0.0 35.0686887172
90 800 10.0 5.92475 0.0 43.3345934015
100 3960 37.0 8.56029 0.0 50.37906241
90 400 7.0 5.38541 0.0 41.1984626686
80 1264 14.0 7.12133 0.0 61.5334551526
30 86 7.0 3.55737 0.0 23.566220094
50 976 22.0 6.64035 0.0 53.0572068763
60 1239 20.0 6.08019 0.0 42.3831955898
