0.001422
0.001529
0.00138
0.00151
0.001435
0.001608
0.001982
0.001422
0.001315
0.001585
0.001212
0.001176
0.001218
0.001213
0.001277
0.001295
0.001185
0.001176
0.001484
0.001205
0.001535
0.001204
0.001263
0.002284
0.001394
0.001374
0.001257
0.003753
0.001426
0.001293
0.001451
0.001329
0.001371
0.001201
0.001575
0.001487
0.001602
0.001563
0.001271
0.001561
0.001862
0.002563
0.001438
0.001674
0.001547
0.001952
0.002269
0.001382
0.001563
0.0015
0.001525
0.001569
0.001784
0.001285
0.001344
0.001411
0.001531
0.001543
0.001909
0.001428
0.001184
0.001137
0.001187
0.001118
0.002304
0.001913
0.001367
0.001526
0.001515
0.001528
0.00163
0.001778
0.001662
0.001546
0.001412
0.002267
0.002862
0.001301
0.001172
0.001087
0.001125
0.001255
0.00104
0.002028
0.002175
0.00166
0.001653
0.001493
0.001287
0.001325
0.001304
0.001232
0.001264
0.001181
0.001334
0.002495
0.001392
0.001241
0.001279
0.00122
